color_image_path depth_image_path camera_to_marker_vector left_eye_2d right_eye_2d midpoint_2d left_eye_3d right_eye_3d midpoint_3d
./data/images/color/0_color.png ./data/numpy/depth/0_depth.npy 0.0,0.0,0.0 1451,306 1324,327 1387,316 0.22821360778808594,-0.11298708343505859,0.667 0.17660345458984375,-0.1089442367553711,0.707 0.1983525848388672,-0.10877523040771485,0.671 -0.1983525848388672,0.10877523040771485,-0.671
./data/images/color/1_color.png ./data/numpy/depth/1_depth.npy 0.0,0.0,0.0 1451,306 1324,326 1387,316 0.2278714599609375,-0.11281768798828125,0.666 0.17660345458984375,-0.10945940399169922,0.707 0.1983525848388672,-0.10877523040771485,0.671 -0.1983525848388672,0.10877523040771485,-0.671
./data/images/color/2_color.png ./data/numpy/depth/2_depth.npy 0.0,0.0,0.0 1450,306 1323,327 1386,316 0.2267042999267578,-0.11247889709472657,0.664 0.1753421173095703,-0.10848194885253906,0.704 0.1978646240234375,-0.10877523040771485,0.671 -0.1978646240234375,0.10877523040771485,-0.671
./data/images/color/3_color.png ./data/numpy/depth/3_depth.npy 0.0,0.0,0.0 1451,307 1323,327 1387,317 0.22752931213378907,-0.11216371917724609,0.665 0.17608930969238282,-0.1089442367553711,0.707 0.1983525848388672,-0.10828628540039062,0.671 -0.1983525848388672,0.10828628540039062,-0.671
./data/images/color/4_color.png ./data/numpy/depth/4_depth.npy 0.0,0.0,0.0 1450,307 1323,327 1386,317 0.2270457305908203,-0.11216371917724609,0.665 0.1755911865234375,-0.10863604736328125,0.705 0.1972748565673828,-0.1079635238647461,0.669 -0.1972748565673828,0.1079635238647461,-0.669
./data/images/color/5_color.png ./data/numpy/depth/5_depth.npy 0.0,0.0,0.0 1451,308 1324,329 1387,318 0.22821360778808594,-0.11201502227783203,0.667 0.1763536682128906,-0.10776123809814453,0.706 0.19746575927734375,-0.10731539154052734,0.668 -0.19746575927734375,0.10731539154052734,-0.668
./data/images/color/6_color.png ./data/numpy/depth/6_depth.npy 0.0,0.0,0.0 1452,309 1325,329 1388,319 0.22801292419433594,-0.11119457244873047,0.665 0.17711758422851562,-0.10791387939453125,0.707 0.19735888671875,-0.1065087890625,0.666 -0.19735888671875,0.1065087890625,-0.666
./data/images/color/7_color.png ./data/numpy/depth/7_depth.npy 0.0,0.0,0.0 1452,308 1325,329 1388,318 0.22732717895507812,-0.11134326171875,0.663 0.17661654663085938,-0.10760860443115235,0.705 0.1982478790283203,-0.10747604370117188,0.669 -0.1982478790283203,0.10747604370117188,-0.669
./data/images/color/8_color.png ./data/numpy/depth/8_depth.npy 0.0,0.0,0.0 1452,309 1325,329 1388,319 0.2269842987060547,-0.11069293975830079,0.662 0.17636602783203126,-0.10745597076416015,0.704 0.19795155334472656,-0.1068286361694336,0.668 -0.19795155334472656,0.1068286361694336,-0.668
./data/images/color/9_color.png ./data/numpy/depth/9_depth.npy 0.0,0.0,0.0 1452,308 1324,329 1388,318 0.22732717895507812,-0.11134326171875,0.663 0.17610386657714844,-0.10760860443115235,0.705 0.1982478790283203,-0.10747604370117188,0.669 -0.1982478790283203,0.10747604370117188,-0.669
./data/images/color/10_color.png ./data/numpy/depth/10_depth.npy 0.0,0.0,0.0 1451,309 1323,330 1387,319 0.22684501647949218,-0.11086015319824219,0.663 0.17484397888183595,-0.10663916015625,0.702 0.19776136779785156,-0.10698855590820312,0.669 -0.19776136779785156,0.10698855590820312,-0.669
./data/images/color/11_color.png ./data/numpy/depth/11_depth.npy 0.0,0.0,0.0 1450,310 1322,331 1386,320 0.22568003845214843,-0.11004408264160156,0.661 0.1740851287841797,-0.10597645568847656,0.701 0.1960953369140625,-0.10586429595947265,0.665 -0.1960953369140625,0.10586429595947265,-0.665
./data/images/color/12_color.png ./data/numpy/depth/12_depth.npy 0.0,0.0,0.0 1450,311 1322,332 1386,321 0.2267042999267578,-0.11005967712402344,0.664 0.17433348083496095,-0.10561610412597656,0.702 0.1966851043701172,-0.10569664764404296,0.667 -0.1966851043701172,0.10569664764404296,-0.667
./data/images/color/13_color.png ./data/numpy/depth/13_depth.npy 0.0,0.0,0.0 1459,314 1329,334 1394,324 0.22791844177246093,-0.10713605499267578,0.655 0.17613302612304688,-0.10355008697509765,0.695 0.1981599578857422,-0.10298832702636719,0.659 -0.1981599578857422,0.10298832702636719,-0.659
./data/images/color/14_color.png ./data/numpy/depth/14_depth.npy 0.0,0.0,0.0 1481,310 1346,331 1413,320 0.23803367614746093,-0.10887871551513671,0.654 0.18073822021484376,-0.10280169677734376,0.68 0.20569287109375,-0.10411315155029296,0.654 -0.20569287109375,0.10411315155029296,-0.654
./data/images/color/15_color.png ./data/numpy/depth/15_depth.npy 0.0,0.0,0.0 1507,313 1369,325 1438,319 0.2473363037109375,-0.10613467407226562,0.646 0.19013429260253906,-0.10468584442138672,0.673 0.2142559051513672,-0.102990478515625,0.644 -0.2142559051513672,0.102990478515625,-0.644
./data/images/color/16_color.png ./data/numpy/depth/16_depth.npy 0.0,0.0,0.0 1525,313 1386,328 1455,320 0.25460450744628904,-0.10564179229736329,0.643 0.19550558471679688,-0.10168099212646485,0.663 0.21980209350585939,-0.10140684509277344,0.637 -0.21980209350585939,0.10140684509277344,-0.637
./data/images/color/17_color.png ./data/numpy/depth/17_depth.npy 0.0,0.0,0.0 1554,305 1416,324 1485,314 0.2644114685058594,-0.10785899353027344,0.634 0.20806974792480468,-0.10267577362060547,0.657 0.23223171997070313,-0.10353759765625,0.633 -0.23223171997070313,0.10353759765625,-0.633
./data/images/color/18_color.png ./data/numpy/depth/18_depth.npy 0.0,0.0,0.0 1602,302 1467,317 1534,309 0.2910617370605469,-0.11096804809570313,0.644 0.2250071563720703,-0.10263796997070312,0.636 0.2527752838134766,-0.10500780487060547,0.628 -0.2527752838134766,0.10500780487060547,-0.628
./data/images/color/19_color.png ./data/numpy/depth/19_depth.npy 0.0,0.0,0.0 1619,300 1498,311 1558,305 0.29623736572265624,-0.11086397552490235,0.638 0.23783966064453124,-0.10475559997558594,0.632 0.2645758361816406,-0.1071784896850586,0.63 -0.2645758361816406,0.1071784896850586,-0.63
./data/images/color/20_color.png ./data/numpy/depth/20_depth.npy 0.0,0.0,0.0 1631,298 1508,313 1569,305 0.2999127502441406,-0.11109287261962891,0.634 0.2424356689453125,-0.10383454895019531,0.632 0.2700433959960937,-0.10734861755371093,0.631 -0.2700433959960937,0.10734861755371093,-0.631
./data/images/color/21_color.png ./data/numpy/depth/21_depth.npy 0.0,0.0,0.0 1629,292 1507,308 1568,300 0.3074793395996094,-0.1170975112915039,0.652 0.243507568359375,-0.10680892181396484,0.636 0.2695845336914062,-0.10964759826660156,0.631 -0.2695845336914062,0.10964759826660156,-0.631
./data/images/color/22_color.png ./data/numpy/depth/22_depth.npy 0.0,0.0,0.0 1616,285 1498,300 1557,292 0.30223974609375,-0.1207926025390625,0.654 0.24047396850585936,-0.1110377426147461,0.639 0.2653753967285156,-0.11368515777587891,0.633 -0.2653753967285156,0.11368515777587891,-0.633
./data/images/color/23_color.png ./data/numpy/depth/23_depth.npy 0.0,0.0,0.0 1599,281 1479,304 1539,292 0.2950540771484375,-0.12307404327392578,0.656 0.23345738220214843,-0.11002951049804688,0.644 0.25871405029296873,-0.11440354919433594,0.637 -0.25871405029296873,0.11440354919433594,-0.637
./data/images/color/24_color.png ./data/numpy/depth/24_depth.npy 0.0,0.0,0.0 1593,277 1473,299 1533,288 0.29263714599609375,-0.12517662811279298,0.657 0.23243814086914064,-0.11324833679199219,0.649 0.2555328369140625,-0.11607770538330078,0.636 -0.2555328369140625,0.11607770538330078,-0.636
./data/images/color/25_color.png ./data/numpy/depth/25_depth.npy 0.0,0.0,0.0 1573,279 1448,304 1510,291 0.28308154296875,-0.12421913909912109,0.657 0.22267884826660156,-0.11190888977050781,0.655 0.2456652069091797,-0.11504804229736328,0.638 -0.2456652069091797,0.11504804229736328,-0.638
./data/images/color/26_color.png ./data/numpy/depth/26_depth.npy 0.0,0.0,0.0 1556,284 1431,308 1493,296 0.27454071044921874,-0.12163999938964844,0.656 0.21556410217285157,-0.11050357055664063,0.658 0.23777781677246093,-0.11272355651855469,0.638 -0.23777781677246093,0.11272355651855469,-0.638
./data/images/color/27_color.png ./data/numpy/depth/27_depth.npy 0.0,0.0,0.0 1544,282 1414,311 1479,296 0.26881607055664064,-0.12259603118896484,0.656 0.20963612365722656,-0.11022543334960938,0.665 0.23273236083984375,-0.11343029022216797,0.642 -0.23273236083984375,0.11343029022216797,-0.642
./data/images/color/28_color.png ./data/numpy/depth/28_depth.npy 0.0,0.0,0.0 1527,281 1390,309 1458,295 0.26110357666015627,-0.12326165771484375,0.657 0.20041204833984375,-0.11253224945068359,0.673 0.22466419982910157,-0.11478516387939453,0.647 -0.22466419982910157,0.11478516387939453,-0.647
./data/images/color/29_color.png ./data/numpy/depth/29_depth.npy 0.0,0.0,0.0 1493,291 1361,320 1427,305 0.24597705078125,-0.11901522064208984,0.66 0.18898594665527343,-0.10872978973388672,0.683 0.2120265655517578,-0.11109135437011719,0.653 -0.2120265655517578,0.11109135437011719,-0.653
./data/images/color/30_color.png ./data/numpy/depth/30_depth.npy 0.0,0.0,0.0 1469,298 1337,316 1403,307 0.23339219665527344,-0.11512305450439453,0.657 0.17965786743164064,-0.11234162902832032,0.693 0.20370204162597655,-0.11182637786865235,0.663 -0.20370204162597655,0.11182637786865235,-0.663
./data/images/color/31_color.png ./data/numpy/depth/31_depth.npy 0.0,0.0,0.0 1447,306 1323,336 1385,321 0.22423796081542968,-0.111970703125,0.661 0.17359866333007812,-0.10283229827880859,0.697 0.1947292938232422,-0.1049043197631836,0.662 -0.1947292938232422,0.1049043197631836,-0.662
./data/images/color/32_color.png ./data/numpy/depth/32_depth.npy 0.0,0.0,0.0 1441,317 1319,346 1380,331 0.22034916687011719,-0.10618833923339843,0.658 0.171078857421875,-0.09747290802001952,0.695 0.1923221893310547,-0.10008048248291015,0.662 -0.1923221893310547,0.10008048248291015,-0.662
./data/images/color/33_color.png ./data/numpy/depth/33_depth.npy 0.0,0.0,0.0 1446,323 1321,352 1383,337 0.22172618103027344,-0.10284049987792969,0.655 0.16986119079589843,-0.09321143341064453,0.686 0.19171755981445313,-0.09615851593017578,0.655 -0.19171755981445313,0.09615851593017578,-0.655
./data/images/color/34_color.png ./data/numpy/depth/34_depth.npy 0.0,0.0,0.0 1466,323 1332,347 1399,335 0.22984051513671874,-0.10221246337890624,0.651 0.1745819549560547,-0.095292236328125,0.683 0.1981214599609375,-0.09652003479003907,0.651 -0.1981214599609375,0.09652003479003907,-0.651
./data/images/color/35_color.png ./data/numpy/depth/35_depth.npy 0.0,0.0,0.0 1498,316 1355,339 1426,327 0.24235560607910156,-0.10439828491210937,0.644 0.18273776245117188,-0.09752954864501953,0.671 0.20831201171875,-0.09908223724365234,0.643 -0.20831201171875,0.09908223724365234,-0.643
./data/images/color/36_color.png ./data/numpy/depth/36_depth.npy 0.0,0.0,0.0 1543,310 1406,333 1474,321 0.2622032165527344,-0.1067144546508789,0.641 0.20174481201171876,-0.09761848449707031,0.652 0.22860360717773437,-0.10094268035888672,0.637 -0.22860360717773437,0.10094268035888672,-0.637
./data/images/color/37_color.png ./data/numpy/depth/37_depth.npy 0.0,0.0,0.0 1581,307 1443,328 1512,317 0.2812268371582031,-0.1086217041015625,0.644 0.21827920532226563,-0.09953388214111328,0.649 0.2438875732421875,-0.10183106994628906,0.631 -0.2438875732421875,0.10183106994628906,-0.631
./data/images/color/38_color.png ./data/numpy/depth/38_depth.npy 0.0,0.0,0.0 1604,305 1469,318 1536,311 0.2915449523925781,-0.1093901138305664,0.643 0.22735313415527345,-0.10281714630126954,0.64 0.25449659729003904,-0.1044240951538086,0.63 -0.25449659729003904,0.1044240951538086,-0.63
./data/images/color/39_color.png ./data/numpy/depth/39_depth.npy 0.0,0.0,0.0 1608,303 1475,315 1541,309 0.2934153747558594,-0.11032719421386719,0.643 0.23086485290527345,-0.10454187774658204,0.642 0.2555645294189453,-0.10484059143066406,0.627 -0.2555645294189453,0.10484059143066406,-0.627
./data/images/color/40_color.png ./data/numpy/depth/40_depth.npy 0.0,0.0,0.0 1603,299 1470,314 1536,306 0.2915300598144531,-0.1123758544921875,0.644 0.22746258544921874,-0.1045189971923828,0.639 0.25368867492675784,-0.10638063812255859,0.628 -0.25368867492675784,0.10638063812255859,-0.628
./data/images/color/41_color.png ./data/numpy/depth/41_depth.npy 0.0,0.0,0.0 1601,301 1468,316 1534,308 0.29104461669921877,-0.1116103515625,0.645 0.22759674072265626,-0.10407406616210937,0.642 0.25358029174804686,-0.10580129241943359,0.63 -0.25358029174804686,0.10580129241943359,-0.63
./data/images/color/42_color.png ./data/numpy/depth/42_depth.npy 0.0,0.0,0.0 1598,301 1466,316 1532,308 0.2900865173339844,-0.11178338623046875,0.646 0.22772216796875,-0.10456039428710938,0.645 0.25266400146484375,-0.10580129241943359,0.63 -0.25266400146484375,0.10580129241943359,-0.63
./data/images/color/43_color.png ./data/numpy/depth/43_depth.npy 0.0,0.0,0.0 1597,301 1465,315 1531,308 0.2896167297363281,-0.11178338623046875,0.646 0.227957763671875,-0.10535607147216797,0.647 0.2530065155029297,-0.10613716888427735,0.632 -0.2530065155029297,0.10613716888427735,-0.632
./data/images/color/44_color.png ./data/numpy/depth/44_depth.npy 0.0,0.0,0.0 1596,302 1460,313 1528,307 0.28914694213867187,-0.11131266784667969,0.646 0.22595391845703125,-0.10646326446533202,0.648 0.2504332733154297,-0.10609169769287109,0.629 -0.2504332733154297,0.10609169769287109,-0.629
./data/images/color/45_color.png ./data/numpy/depth/45_depth.npy 0.0,0.0,0.0 1586,300 1452,312 1519,306 0.2835684814453125,-0.11190657806396484,0.644 0.22012677001953124,-0.1059453125,0.642 0.24592489624023436,-0.10638063812255859,0.628 -0.24592489624023436,0.10638063812255859,-0.628
./data/images/color/46_color.png ./data/numpy/depth/46_depth.npy 0.0,0.0,0.0 1581,303 1447,316 1514,309 0.2794801025390625,-0.10981245422363281,0.64 0.2184708709716797,-0.10439828491210937,0.644 0.2436414337158203,-0.10500780487060547,0.628 -0.2436414337158203,0.10500780487060547,-0.628
./data/images/color/47_color.png ./data/numpy/depth/47_depth.npy 0.0,0.0,0.0 1579,303 1445,316 1512,309 0.2776787719726562,-0.10946928405761719,0.638 0.21854757690429688,-0.10488461303710937,0.647 0.24350106811523436,-0.10534222412109374,0.63 -0.24350106811523436,0.10534222412109374,-0.63
./data/images/color/48_color.png ./data/numpy/depth/48_depth.npy 0.0,0.0,0.0 1561,303 1423,318 1492,310 0.2710159912109375,-0.1101556167602539,0.642 0.2098052978515625,-0.10474496459960937,0.652 0.2339661407470703,-0.10471668243408203,0.629 -0.2339661407470703,0.10471668243408203,-0.629
./data/images/color/49_color.png ./data/numpy/depth/49_depth.npy 0.0,0.0,0.0 1532,303 1392,318 1462,310 0.25667453002929685,-0.10981245422363281,0.64 0.19839845275878906,-0.10651213836669922,0.663 0.22304473876953124,-0.10604853057861328,0.637 -0.22304473876953124,0.10604853057861328,-0.637
./data/images/color/50_color.png ./data/numpy/depth/50_depth.npy 0.0,0.0,0.0 1507,303 1365,317 1436,310 0.24848492431640626,-0.111356689453125,0.649 0.18817660522460938,-0.10860904693603515,0.673 0.21331927490234376,-0.10721389770507812,0.644 -0.21331927490234376,0.10721389770507812,-0.644
./data/images/color/51_color.png ./data/numpy/depth/51_depth.npy 0.0,0.0,0.0 1484,303 1349,317 1416,310 0.23872817993164064,-0.1118714370727539,0.652 0.18248971557617188,-0.10990009307861329,0.681 0.20648626708984374,-0.1085457534790039,0.652 -0.20648626708984374,0.1085457534790039,-0.652
./data/images/color/52_color.png ./data/numpy/depth/52_depth.npy 0.0,0.0,0.0 1471,306 1341,330 1406,318 0.23292098999023436,-0.11061553955078125,0.653 0.1795764617919922,-0.10405673217773438,0.685 0.20236366271972656,-0.10506626892089843,0.654 -0.20236366271972656,0.10506626892089843,-0.654
./data/images/color/53_color.png ./data/numpy/depth/53_depth.npy 0.0,0.0,0.0 1459,307 1332,332 1395,319 0.22757048034667968,-0.1103083724975586,0.654 0.1766268310546875,-0.10396115112304688,0.691 0.1974334716796875,-0.1047496337890625,0.655 -0.1974334716796875,0.1047496337890625,-0.655
